10
 125     124     121     116     109     100      89      76      61      44
 136     135     132     127     120     111     100      87      72      55
 149     148     145     140     133     124     113     100      85      68
 164     163     160     155     148     139     128     115     100      83
 181     180     177     172     165     156     145     132     117     100
 100      99      96      91      84      75      64      51      36      19
 101     100      97      92      85      76      65      52      37      20
 104     103     100      95      88      79      68      55      40      23
 109     108     105     100      93      84      73      60      45      28
 116     115     112     107     100      91      80      67      52      35
