15
  91      76      59      40      19      -4     -29     -56     140     139     136     131     124     115     104    
 100      85      68      49      28       5     -20     -47     149     148     145     140     133     124     113    
 111      96      79      60      39      16      -9     -36     160     159     156     151     144     135     124    
 124     109      92      73      52      29       4     -23     173     172     169     164     157     148     137    
 139     124     107      88      67      44      19      -8     188     187     184     179     172     163     152    
 156     141     124     105      84      61      36       9     205     204     201     196     189     180     169    
 175     160     143     124     103      80      55      28     224     223     220     215     208     199     188    
 196     181     164     145     124     101      76      49     245     244     241     236     229     220     209    
 219     204     187     168     147     124      99      72     268     267     264     259     252     243     232    
 244     229     212     193     172     149      24      97     293     292     289     284     277     268     257    
 271     256     239     220     199     176     151      76     320     319     316     311     304     295     284    
  75      60      43      24       3     -20     -45     -72     124     123     120     115     108      99      88    
  76      61      44      25       4     -19     -44     -71     125     124     121     116     109     100      89    
  79      64      47      28       7     -16     -41     -68     128     127     124     119     112     103      92    
  84      69      52      33      12     -11     -36     -63     133     132     129     124     117     108      97    
